3.8594627380371094
1.220917820930481
4.141247272491455
4.131098747253418
2.390035390853882
5.085626602172852
3.7509214878082275
1.0365201234817505
2.909933090209961
2.918454170227051
3.089735507965088
6.7121477127075195
3.3056933879852295
1.0080851316452026
1.7819123268127441
2.809959888458252
3.895236015319824
8.272581100463867
3.0131688117980957
1.08400559425354
1.8713371753692627
2.736436128616333
4.68731164932251
9.807007789611816
2.8953487873077393
1.1831872463226318
1.8131567239761353
2.9539005756378174
5.466186046600342
11.315860748291016
2.7794923782348633
1.2807159423828125
1.8262438774108887
3.0406079292297363
5.666568279266357
12.277397155761719
2.770317316055298
1.2951792478561401
1.8198001384735107
3.0776009559631348
5.060406684875488
12.466300010681152
2.7697834968566895
1.3054178953170776
1.8569461107254028
3.068178653717041
4.464347839355469
12.652054786682129
2.806760311126709
1.3007866144180298
1.8559712171554565
3.073612689971924
4.374263286590576
12.64182186126709
2.8410210609436035
1.3002872467041016
1.857112169265747
3.074901580810547
4.646701812744141
12.489056587219238
2.87471079826355
1.299796223640442
1.858234167098999
3.076169013977051
4.914599418640137
12.338837623596191
2.907839059829712
1.2993133068084717
1.8593374490737915
3.0774152278900146
5.178031921386719
12.191122055053711
2.940415143966675
1.298838496208191
1.8604223728179932
3.0786406993865967
5.437074184417725
12.045867919921875
2.9724483489990234
1.2983715534210205
1.861489176750183
3.079845666885376
5.691799163818359
11.903035163879395
3.0039477348327637
1.297912359237671
1.86253821849823
3.0810306072235107
5.9422783851623535
11.762582778930664
3.0349221229553223
1.297460913658142
1.863569736480713
3.08219575881958
5.9968132972717285
11.629023551940918
3.065380334854126
1.297016978263855
1.8645840883255005
3.083341598510742
5.92363977432251
11.50522232055664
3.0953307151794434
1.29658043384552
1.8655815124511719
3.084468364715576
5.851686000823975
11.383484840393066
3.124782085418701
1.2961511611938477
1.8665623664855957
3.085576295852661
5.78093147277832
11.263775825500488
3.153742551803589
1.2957290410995483
1.867526888847351
3.086665630340576
5.711356163024902
11.146061897277832
3.182220458984375
1.2953139543533325
1.868475317955017
3.0877368450164795
5.642940521240234
11.030309677124023
3.21022367477417
1.2949057817459106
1.8694078922271729
3.08879017829895
5.57566499710083
10.916486740112305
3.237760066986084
1.2945044040679932
1.870324969291687
3.0898261070251465
5.5095109939575195
10.804561614990234
3.2648375034332275
1.2941097021102905
1.8712267875671387
3.0908446311950684
5.444459438323975
10.694501876831055
3.291463613510132
1.2937215566635132
1.8721134662628174
3.091846227645874
5.380491733551025
10.586276054382324
3.317646026611328
1.2933399677276611
1.8729854822158813
3.0928311347961426
5.317590236663818
10.479853630065918
3.3433921337127686
1.2929646968841553
1.8738429546356201
3.093799591064453
5.2557373046875
10.375205039978027
3.368709087371826
1.292595624923706
1.8746861219406128
3.094752073287964
5.194915294647217
10.272300720214844
3.393604040145874
1.2922327518463135
1.8755152225494385
3.095688581466675
5.135107040405273
10.171111106872559
3.418084144592285
1.291875958442688
1.8763304948806763
3.096609592437744
5.076295375823975
10.071608543395996
3.4421563148498535
1.29152512550354
1.8771321773529053
3.097515106201172
5.018464088439941
9.973764419555664
3.465827226638794
1.29118013381958
1.8779205083847046
3.098405599594116
4.961596488952637
9.877551078796387
3.4891035556793213
1.2908408641815186
1.8786957263946533
3.0992813110351562
4.90567684173584
9.782940864562988
3.5119919776916504
1.290507197380066
1.879457950592041
3.100142240524292
4.850688934326172
9.689908027648926
3.534498929977417
1.2901791334152222
1.8802075386047363
3.1009888648986816
4.79661750793457
9.59842586517334
3.556630849838257
1.2898565530776978
1.8809446096420288
3.1018214225769043
4.743447303771973
9.508467674255371
3.5783939361572266
1.2895393371582031
1.8816694021224976
3.102640151977539
4.691163539886475
9.420008659362793
3.5997941493988037
1.2892273664474487
1.8823821544647217
3.103445291519165
4.639750957489014
9.333024024963379
3.620837688446045
1.2889206409454346
1.8830829858779907
3.1042368412017822
4.589195251464844
9.247489929199219
3.6415305137634277
1.288619041442871
1.8837721347808838
3.105015277862549
4.539482116699219
9.16338062286377
3.6618785858154297
1.2883224487304688
1.88444983959198
3.105780839920044
4.490597724914551
9.080673217773438
3.68188738822937
1.288030743598938
1.8851162195205688
3.1065335273742676
4.442527770996094
8.999344825744629
3.7015628814697266
1.2877439260482788
1.8857715129852295
3.107273578643799
4.395258903503418
8.919371604919434
3.7209103107452393
1.2874618768692017
1.8864158391952515
3.108001470565796
4.348778247833252
8.840731620788574
3.7399353981018066
1.2871845960617065
1.8870494365692139
3.108717203140259
4.303071975708008
8.763401985168457
3.758643388748169
1.2869118452072144
1.8876724243164062
3.1094210147857666
4.258127689361572
8.687360763549805
3.7770395278930664
1.2866437435150146
1.8882850408554077
3.1101131439208984
4.213932514190674
8.612586975097656
3.7951290607452393
1.2863800525665283
1.8888875246047974
3.1107935905456543
4.170473575592041
8.53905963897705
3.8129169940948486
1.2861207723617554
1.8894798755645752
3.1114628314971924
4.127738952636719
8.466757774353027
3.8304085731506348
1.2858657836914062
1.8900624513626099
3.1121208667755127
4.085716724395752
8.395661354064941
3.8476085662841797
1.285615086555481
1.8906352519989014
3.1127679347991943
4.0443949699401855
8.325749397277832
3.8645219802856445
1.28536856174469
1.8911985158920288
3.1134042739868164
4.0037617683410645
8.257002830505371
3.8811535835266113
1.2851260900497437
1.8917523622512817
3.114029884338379
3.963805913925171
8.189401626586914
3.897507905960083
1.284887671470642
1.8922970294952393
3.114645004272461
3.924515962600708
8.12292766571045
3.9135897159576416
1.2846533060073853
1.892832636833191
3.1152498722076416
3.885880947113037
8.057560920715332
3.929403305053711
1.284422755241394
1.8933593034744263
3.1158447265625
3.8478896617889404
7.993284225463867
3.944953441619873
1.284196138381958
1.8938771486282349
3.1164298057556152
3.8105316162109375
7.930078506469727
3.9602444171905518
1.283973217010498
1.8943864107131958
3.1170051097869873
3.773796319961548
7.867926120758057
3.975280523300171
1.2837539911270142
1.8948872089385986
3.117570638656616
3.737673282623291
7.806809902191162
3.9900660514831543
1.2835384607315063
1.895379662513733
3.11812686920166
3.7021522521972656
7.7467122077941895
4.004605293273926
1.283326506614685
1.8958638906478882
3.118673801422119
3.6672232151031494
7.687616348266602
4.018901824951172
1.2831181287765503
1.896340012550354
3.1192116737365723
3.632876396179199
7.629505157470703
4.032960414886475
1.2829132080078125
1.89680814743042
3.1197404861450195
3.599102020263672
7.572362422943115
4.046784400939941
1.2827117443084717
1.897268533706665
3.12026047706604
3.5658905506134033
7.516172409057617
4.060378074645996
1.2825136184692383
1.897721290588379
3.120771884918213
3.5332324504852295
7.46091890335083
4.073745250701904
1.2823188304901123
1.8981664180755615
3.121274709701538
3.5011186599731445
7.406586170196533
4.086889743804932
1.2821272611618042
1.898604154586792
3.1217691898345947
3.4695401191711426
7.353158950805664
4.0998148918151855
1.281938910484314
1.8990346193313599
3.122255325317383
3.438488006591797
7.30062198638916
4.11252498626709
1.281753659248352
1.8994579315185547
3.1227333545684814
3.4079532623291016
7.248960971832275
4.125022888183594
1.2815715074539185
1.899874210357666
3.1232035160064697
3.377927541732788
7.198160648345947
4.137312889099121
1.2813923358917236
1.9002834558486938
3.1236658096313477
3.348402261734009
7.148207187652588
4.149397850036621
1.2812161445617676
1.9006859064102173
3.1241204738616943
3.319369077682495
7.099086284637451
4.161281585693359
1.2810429334640503
1.9010816812515259
3.1245675086975098
3.2908196449279785
7.050784111022949
4.172966957092285
1.2808725833892822
1.9014708995819092
3.125007152557373
3.2627460956573486
7.003286838531494
4.184457778930664
1.2807050943374634
1.9018535614013672
3.125439405441284
3.235140562057495
6.956581115722656
4.195756912231445
1.2805403470993042
1.902229905128479
3.1258645057678223
3.2079949378967285
6.910654067993164
4.206867694854736
1.2803783416748047
1.9025999307632446
3.1262824535369873
3.1813018321990967
6.865492343902588
4.2177934646606445
1.2802190780639648
1.9029637575149536
3.1266934871673584
3.1550536155700684
6.821083068847656
4.228537082672119
1.2800624370574951
1.9033215045928955
3.1270976066589355
3.1292428970336914
6.777414321899414
4.239101886749268
1.2799084186553955
1.9036732912063599
3.127495050430298
3.1038622856140137
6.73447322845459
4.249490261077881
1.279757022857666
1.9040192365646362
3.1278858184814453
3.078904628753662
6.6922478675842285
4.259705543518066
1.279608130455017
1.9043594598770142
3.128270149230957
3.0543630123138428
6.650726318359375
4.269750595092773
1.2794617414474487
1.9046939611434937
3.128648042678833
3.0302305221557617
6.609896659851074
4.279628276824951
1.2793177366256714
1.9050228595733643
3.1290197372436523
3.006500244140625
6.569747447967529
4.289341449737549
1.279176115989685
1.905346393585205
3.129385232925415
2.9831652641296387
6.530267238616943
4.298892498016357
1.2790368795394897
1.9056644439697266
3.129744529724121
2.960219383239746
6.491445064544678
4.308284282684326
1.2789000272750854
1.9059772491455078
3.1300978660583496
2.9376559257507324
6.453269958496094
4.317519664764404
1.2787654399871826
1.9062848091125488
3.1304452419281006
2.915468454360962
6.415731430053711
4.326601028442383
1.2786331176757812
1.9065872430801392
3.130786895751953
2.893650770187378
6.378818511962891
4.335531234741211
1.2785029411315918
1.9068846702575684
3.1311228275299072
2.872196674346924
6.342520713806152
4.34431266784668
1.2783749103546143
1.9071770906448364
3.131453275680542
2.851100206375122
6.306828022003174
4.35294771194458
1.2782490253448486
1.907464623451233
3.1317780017852783
2.830355405807495
6.271729946136475
4.361438751220703
1.278125286102295
1.9077473878860474
3.1320974826812744
2.8099563121795654
6.237216949462891
4.36978816986084
1.2780035734176636
1.9080255031585693
3.132411479949951
2.7898972034454346
6.2032790184021
4.377998352050781
1.2778838872909546
1.9082989692687988
3.1327202320098877
2.770172357559204
6.1699066162109375
4.386071681976318
1.277766227722168
1.9085677862167358
3.133023977279663
2.7507762908935547
6.137090682983398
4.394010543823242
1.2776504755020142
1.9088321924209595
3.1333227157592773
2.731703519821167
6.104821681976318
4.401817321777344
1.2775366306304932
1.9090921878814697
3.1336164474487305
2.7129485607147217
6.073090553283691
4.409493923187256
1.277424693107605
1.9093478918075562
3.1339051723480225
2.6945061683654785
6.041888236999512
4.4170427322387695
1.2773146629333496
1.9095993041992188
3.1341891288757324
2.6763710975646973
6.011205673217773
4.424465656280518
1.2772064208984375
1.909846544265747
3.1344683170318604
2.658538341522217
5.981034755706787
4.431764602661133
1.2771000862121582
1.9100896120071411
3.1347429752349854
2.641002893447876
5.951366424560547
4.438941955566406
1.2769954204559326
1.9103286266326904
3.1350128650665283
2.6237597465515137
5.922192573547363
4.445999622344971
1.2768925428390503
1.9105637073516846
3.1352784633636475
2.6068038940429688
5.893505096435547
4.452939987182617
1.2767913341522217
1.9107948541641235
3.1355395317077637
2.590130567550659
5.865295886993408
4.45976448059082
1.2766919136047363
1.9110221862792969
3.135796308517456
2.573735237121582
5.837556838989258
4.466475486755371
1.2765940427780151
1.9112457036972046
3.1360487937927246
2.5576131343841553
5.810279846191406
4.473074436187744
1.2764978408813477
1.9114655256271362
3.1362969875335693
2.541759729385376
5.7834577560424805
4.479563236236572
1.2764033079147339
1.9116816520690918
3.1365411281585693
2.526170492172241
5.757082462310791
4.485943794250488
1.2763103246688843
1.9118942022323608
3.1367812156677246
2.510841131210327
5.731146812438965
4.492218017578125
1.2762188911437988
1.9121031761169434
3.137017250061035
2.49576735496521
5.705643653869629
4.498387813568115
1.2761290073394775
1.912308692932129
3.137249231338501
2.4809446334838867
5.680565357208252
4.504455089569092
1.2760405540466309
1.9125107526779175
3.137477397918701
2.4663689136505127
5.655905246734619
4.510420799255371
1.2759536504745483
1.9127094745635986
3.1377017498016357
2.452036142349243
5.631656169891357
4.516287326812744
1.2758681774139404
1.9129048585891724
3.137922525405884
2.4379422664642334
5.607810974121094
4.5220561027526855
1.2757841348648071
1.9130970239639282
3.138139486312866
2.4342708587646484
5.593125820159912
4.52772855758667
1.2757014036178589
1.9132859706878662
3.138352870941162
2.4306607246398926
5.578685283660889
4.53330659866333
1.2756201028823853
1.9134716987609863
3.1385626792907715
2.4271106719970703
5.564485549926758
4.538791656494141
1.2755401134490967
1.9136543273925781
3.1387689113616943
2.4236199855804443
5.550522327423096
4.544185161590576
1.2754614353179932
1.9138339757919312
3.1389718055725098
2.420187473297119
5.536791801452637
4.5494890213012695
1.2753840684890747
1.9140106439590454
3.1391713619232178
2.4168121814727783
5.523290157318115
4.554704189300537
1.2753080129623413
1.914184331893921
3.1393675804138184
2.4134931564331055
5.510013580322266
4.559832572937012
1.275233268737793
1.9143551588058472
3.1395604610443115
2.410229444503784
5.496958255767822
4.564875602722168
1.2751597166061401
1.9145231246948242
3.1397502422332764
2.407020092010498
5.4841203689575195
4.5698347091674805
1.2750874757766724
1.914688229560852
3.139936685562134
2.4038641452789307
5.47149658203125
4.574710845947266
1.2750164270401
1.9148505926132202
3.140120029449463
2.4007608890533447
5.459083080291748
4.579505920410156
1.2749465703964233
1.9150103330612183
3.1403005123138428
2.397709369659424
5.446876525878906
4.584220886230469
1.2748777866363525
1.9151673316955566
3.1404778957366943
2.3947086334228516
5.434873580932617
4.588857173919678
1.2748101949691772
1.915321707725525
3.1406524181365967
2.3917579650878906
5.423070430755615
4.593416213989258
1.2747437953948975
1.9154735803604126
3.1408238410949707
2.3888564109802246
5.411464214324951
4.597899436950684
1.2746784687042236
1.9156228303909302
3.1409924030303955
2.386003255844116
5.400051593780518
4.6023077964782715
1.2746142148971558
1.9157696962356567
3.14115834236145
2.383197546005249
5.388829231262207
4.606642723083496
1.2745510339736938
1.9159140586853027
3.1413214206695557
2.3804385662078857
5.377793788909912
4.610905647277832
1.274488925933838
1.9160560369491577
3.141481876373291
2.377725601196289
5.366942405700684
4.615097522735596
1.2744277715682983
1.9161956310272217
3.141639471054077
2.3750579357147217
5.356271743774414
4.6192193031311035
1.2743676900863647
1.9163329601287842
3.141794443130493
2.372434616088867
5.345778942108154
4.62327241897583
1.2743085622787476
1.9164679050445557
3.141947031021118
2.3698551654815674
5.335461139678955
4.627257823944092
1.2742505073547363
1.9166005849838257
3.142096996307373
2.367318630218506
5.325314998626709
4.631176948547363
1.2741934061050415
1.9167311191558838
3.142244338989258
2.3648242950439453
5.315338134765625
4.635030746459961
1.274137258529663
1.91685950756073
3.1423892974853516
2.3623716831207275
5.305527687072754
4.638820171356201
1.274082064628601
1.9169857501983643
3.1425318717956543
2.359959840774536
5.295880317687988
4.642546653747559
1.274027705192566
1.9171098470687866
3.142672061920166
2.357588291168213
5.286394119262695
4.64621114730835
1.2739742994308472
1.9172319173812866
3.1428098678588867
2.3552563190460205
5.277065753936768
4.649814605712891
1.2739217281341553
1.9173519611358643
3.1429455280303955
2.3529632091522217
5.267892837524414
4.653357982635498
1.2738701105117798
1.9174699783325195
3.1430788040161133
2.350708246231079
5.258872985839844
4.656842231750488
1.2738193273544312
1.9175859689712524
3.143209934234619
2.3484909534454346
5.250003337860107
4.660268306732178
1.2737693786621094
1.9177000522613525
3.143338918685913
2.346310615539551
5.241281509399414
4.663637161254883
1.2737202644348145
1.9178122282028198
3.143465757369995
2.3441665172576904
5.232705116271973
4.666950225830078
1.2736719846725464
1.9179226160049438
3.1435904502868652
2.3420581817626953
5.224271774291992
4.670207977294922
1.2736245393753052
1.918031096458435
3.1437129974365234
2.339984893798828
5.215979099273682
4.6734113693237305
1.2735778093338013
1.918137788772583
3.1438333988189697
2.3379461765289307
5.207824230194092
4.67656135559082
1.2735319137573242
1.9182426929473877
3.143951892852783
2.3359415531158447
5.19980525970459
4.679658889770508
1.2734867334365845
1.9183458089828491
3.144068479537964
2.333970308303833
5.191920280456543
4.682704925537109
1.2734423875808716
1.9184472560882568
3.1441831588745117
2.3320319652557373
5.184166431427002
4.685699939727783
1.273398756980896
1.9185470342636108
3.1442959308624268
2.3301258087158203
5.176541805267334
4.688644886016846
1.2733558416366577
1.9186451435089111
3.144406795501709
2.328251361846924
5.169044494628906
4.6915411949157715
1.2733136415481567
1.9187415838241577
3.1445157527923584
2.3264081478118896
5.161672115325928
4.6943888664245605
1.273272156715393
1.9188364744186401
3.144622802734375
2.3245956897735596
5.154422760009766
4.6971893310546875
1.2732313871383667
1.9189296960830688
3.144728183746338
2.3228135108947754
5.147294044494629
4.6999430656433105
1.273191213607788
1.9190213680267334
3.144831657409668
2.321061134338379
5.140284061431885
4.702651023864746
1.2731517553329468
1.9191114902496338
3.1449334621429443
2.319337844848633
5.1333909034729
4.705313682556152
1.2731128931045532
1.9192001819610596
3.145033597946167
2.317643404006958
5.126612663269043
4.707931995391846
1.273074746131897
1.9192873239517212
3.145132064819336
2.315977096557617
5.11994743347168
4.710506439208984
1.2730371952056885
1.9193730354309082
3.145228862762451
2.314338445663452
5.113393306732178
4.713037967681885
1.2730002403259277
1.9194573163986206
3.1453239917755127
2.312727212905884
5.106948375701904
4.715527534484863
1.2729640007019043
1.9195401668548584
3.1454176902770996
2.311142921447754
5.100610733032227
4.717975616455078
1.2729283571243286
1.9181246757507324
3.1423840522766113
2.311082124710083
5.097504615783691
4.7203826904296875
1.2728933095932007
1.9167362451553345
3.139418601989746
2.311018943786621
5.094432353973389
4.722749710083008
1.2728588581085205
1.9153738021850586
3.136516571044922
2.3109538555145264
5.091397285461426
4.725077152252197
1.2728248834609985
1.9140363931655884
3.1336746215820312
2.310887336730957
5.088401794433594
4.727365970611572
1.2727915048599243
1.9127229452133179
3.1308891773223877
2.3108203411102295
5.085446357727051
4.729616641998291
1.2727587223052979
1.9114329814910889
3.128157615661621
2.3107528686523438
5.08253288269043
4.731829643249512
1.2727264165878296
1.9101656675338745
3.1254777908325195
2.310685157775879
5.079662322998047
4.734005928039551
1.272694706916809
1.9089205265045166
3.122847557067871
2.310617685317993
5.076834678649902
4.736145973205566
1.2726634740829468
1.9076969623565674
3.120265007019043
2.3105504512786865
5.074049949645996
4.738250255584717
1.2726328372955322
1.9064944982528687
3.1177289485931396
2.310483694076538
5.071308135986328
4.740319728851318
1.2726026773452759
1.9053125381469727
3.1152374744415283
2.310417652130127
5.068609237670898
4.742354393005371
1.2725729942321777
1.9041508436203003
3.1127898693084717
2.310352325439453
5.065953254699707
4.744355201721191
1.2725437879562378
1.9030088186264038
3.110384941101074
2.3102874755859375
5.063339710235596
4.7463226318359375
1.272515058517456
1.9018861055374146
3.1080214977264404
2.3102235794067383
5.060768127441406
4.748257637023926
1.2724868059158325
1.9007824659347534
3.105698823928833
2.3101603984832764
5.058238506317139
4.750160217285156
1.2724590301513672
1.8996973037719727
3.1034154891967773
2.310098171234131
5.055750370025635
4.752030849456787
1.27243173122406
1.8986302614212036
3.101170063018799
2.3100368976593018
5.0533037185668945
4.753870487213135
1.2724049091339111
1.8975809812545776
3.0989620685577393
2.309976577758789
5.050897598266602
4.755679607391357
1.2723785638809204
1.8965492248535156
3.0967910289764404
2.309917449951172
5.048531532287598
4.757458209991455
1.2723525762557983
1.895534634590149
3.094656229019165
2.309859275817871
5.046205043792725
4.759207248687744
1.2723270654678345
1.8945369720458984
3.092556953430176
2.3098020553588867
5.043917179107666
4.760927200317383
1.2723020315170288
1.8935558795928955
3.0904927253723145
2.3097457885742188
5.041667461395264
4.762618541717529
1.2722773551940918
1.892591118812561
3.0884628295898438
2.309690475463867
5.039455413818359
4.764281749725342
1.272253155708313
1.891642451286316
3.0864667892456055
2.309636116027832
5.037280082702637
4.7659173011779785
1.2722293138504028
1.890709638595581
3.0845038890838623
2.309582471847534
5.0351409912109375
4.767525672912598
1.2722058296203613
1.8897923231124878
3.082573890686035
2.3095297813415527
5.0330376625061035
4.769106864929199
1.272182822227478
1.8888903856277466
3.0806758403778076
2.3094780445098877
5.030969619750977
4.7706618309021
1.2721601724624634
1.8880034685134888
3.0788094997406006
2.309427261352539
5.02893590927124
4.772191047668457
1.2721378803253174
1.8871313333511353
3.076974391937256
2.3093771934509277
5.026936054229736
4.7736945152282715
1.27211594581604
1.886273741722107
3.075169801712036
2.309328079223633
5.024969577789307
4.775173187255859
1.2720943689346313
1.8854303359985352
3.073395252227783
2.309279680252075
5.023036003112793
4.776627063751221
1.2720731496810913
1.8846009969711304
3.071650266647339
2.309231996536255
5.021134376525879
4.778056621551514
1.27205228805542
1.8837854862213135
3.069934368133545
2.309185266494751
5.0192646980285645
4.7794623374938965
1.2720317840576172
1.8829835653305054
3.068247079849243
2.3091392517089844
5.017426013946533
4.780844688415527
1.272011637687683
1.882194995880127
3.0665879249572754
2.309093952178955
5.015617847442627
4.7822041511535645
1.2719918489456177
1.8814196586608887
3.0649564266204834
2.309049367904663
5.0138397216796875
4.783540725708008
1.271972417831421
1.8806571960449219
3.063352108001709
2.3090054988861084
5.012091636657715
4.784855365753174
1.2719532251358032
1.879907488822937
3.061774492263794
2.30896258354187
5.010372638702393
4.7861480712890625
1.2719343900680542
1.879170298576355
3.06022310256958
2.308920383453369
5.0086822509765625
4.787418842315674
1.2719159126281738
1.8784453868865967
3.0586977005004883
2.3088788986206055
5.007019996643066
4.788668632507324
1.2718976736068726
1.877732515335083
3.0571975708007812
2.308837890625
5.005385398864746
4.789897441864014
1.27187979221344
1.8770315647125244
3.05572247505188
2.308797597885132
5.003777980804443
4.7911057472229
1.2718621492385864
1.8763422966003418
3.054271936416626
2.308758020401001
5.002197265625
4.792294025421143
1.2718448638916016
1.875664472579956
3.0528457164764404
2.3087191581726074
5.000643253326416
4.793462753295898
1.2718278169631958
1.8749979734420776
3.051443338394165
2.308681011199951
4.999114990234375
4.794611930847168
1.2718110084533691
1.8743425607681274
3.0500643253326416
2.308643341064453
4.997611999511719
4.795742034912109
1.2717945575714111
1.873698115348816
3.048708200454712
2.3086063861846924
4.996134281158447
4.796853065490723
1.2717783451080322
1.873064398765564
3.047374725341797
2.30856990814209
4.994680881500244
4.797945499420166
1.2717623710632324
1.8724411725997925
3.0460634231567383
2.3085341453552246
4.993251800537109
4.799019813537598
1.2717467546463013
1.871828317642212
3.044774055480957
2.3084990978240967
4.991846561431885
4.800076484680176
1.2717313766479492
1.8712257146835327
3.043506145477295
2.308464527130127
4.990464687347412
4.8011155128479
1.2717162370681763
1.8706331253051758
3.0422592163085938
2.3084304332733154
4.989106178283691
4.8021368980407715
1.2717013359069824
1.8700504302978516
3.0410332679748535
2.308397054672241
4.987770080566406
4.8031415939331055
1.2716866731643677
1.8694775104522705
3.039827585220337
2.308364152908325
4.986456394195557
4.804129600524902
1.271672248840332
1.8689141273498535
3.038642168045044
2.3083317279815674
4.985164642333984
4.805100917816162
1.2716580629348755
1.868360161781311
3.0374763011932373
2.308300018310547
4.983894348144531
4.806056022644043
1.271644115447998
1.867815375328064
3.036329984664917
2.3082687854766846
4.982645034790039
4.806995391845703
1.2716304063796997
1.8672796487808228
3.035202741622925
2.3082380294799805
4.981416702270508
4.807919025421143
1.2716169357299805
1.8667528629302979
3.0340943336486816
2.3082077503204346
4.980208873748779
4.8088274002075195
1.2716037034988403
1.8662348985671997
3.0330042839050293
2.308177947998047
4.979021072387695
4.809720516204834
1.2715907096862793
1.8657255172729492
3.0319325923919678
2.3081486225128174
4.977853298187256
4.810598850250244
1.2715779542922974
1.8652245998382568
3.030878782272339
2.308119773864746
4.9767045974731445
4.81146240234375
1.271565318107605
1.864732027053833
3.0298423767089844
2.308091402053833
4.9755754470825195
4.81231164932251
1.2715529203414917
1.8642476797103882
3.0288233757019043
2.308063507080078
4.9744648933410645
4.813146591186523
1.2715407609939575
1.8637714385986328
3.0278213024139404
2.3080360889434814
4.973372936248779
4.813967704772949
1.2715288400650024
1.8633031845092773
3.0268359184265137
2.308009147644043
4.972299098968506
4.814774990081787
1.271517038345337
1.8628426790237427
3.025866985321045
2.3079826831817627
4.971243381500244
4.815568923950195
1.2715054750442505
1.8623898029327393
3.024914264678955
2.3079566955566406
4.970204830169678
4.816349506378174
1.2714941501617432
1.861944556236267
3.023977279663086
2.3079311847686768
4.969183921813965
4.817117214202881
1.2714829444885254
1.861506700515747
3.0230560302734375
2.307906150817871
4.968179702758789
4.817872047424316
1.2714719772338867
1.8610761165618896
3.0221500396728516
2.3078813552856445
4.967192649841309
4.818614482879639
1.2714611291885376
1.8606526851654053
3.021259069442749
2.307857036590576
4.966221809387207
4.819344520568848
1.2714505195617676
1.860236406326294
3.02038311958313
2.307833194732666
4.965267181396484
4.820062160491943
1.271440029144287
1.8598270416259766
3.019521713256836
2.307809591293335
4.964328289031982
4.820767879486084
1.2714297771453857
1.8594244718551636
3.018674612045288
2.307786464691162
4.963405132293701
4.8214616775512695
1.271419644355774
1.8590285778045654
3.0178415775299072
2.3077638149261475
4.962497234344482
4.822144031524658
1.2714097499847412
1.8586393594741821
3.0170226097106934
2.307741403579712
4.961604595184326
4.82281494140625
1.271399974822998
1.8582565784454346
3.0162172317504883
2.3077194690704346
4.960726737976074
4.823474884033203
1.2713903188705444
1.8578802347183228
3.015425205230713
2.3076977729797363
4.959863662719727
4.824123859405518
1.27138090133667
1.8575100898742676
3.014646291732788
2.3076765537261963
4.959014892578125
4.824761867523193
1.271371603012085
1.857146143913269
3.013880491256714
2.3076555728912354
4.9581804275512695
4.825389385223389
1.2713624238967896
1.8567882776260376
3.013127326965332
2.3076350688934326
4.957359790802002
4.8260064125061035
1.2713534832000732
1.8564363718032837
3.0123867988586426
2.307614803314209
4.956552982330322
4.826612949371338
1.2713446617126465
1.8560903072357178
3.0116586685180664
2.3075950145721436
4.955759525299072
4.82720947265625
1.2713359594345093
1.8557499647140503
3.0109426975250244
2.3075754642486572
4.954979419708252
4.82779598236084
1.2713273763656616
1.8554153442382812
3.0102386474609375
2.30755615234375
4.954212188720703
4.828372955322266
1.2713189125061035
1.855086326599121
3.0095462799072266
2.307537317276001
4.953457832336426
4.828940391540527
1.2713106870651245
1.8547627925872803
3.0088653564453125
2.307518720626831
4.952715873718262
4.829498291015625
1.271302580833435
1.8544446229934692
3.0081958770751953
2.3075003623962402
4.951986312866211
4.830046653747559
1.2712945938110352
1.854131817817688
3.007537603378296
2.3074824810028076
4.951269149780273
4.830585956573486
1.2712867259979248
1.8538241386413574
3.006890296936035
2.307464838027954
4.950563907623291
4.831116199493408
1.271278977394104
1.8535215854644775
3.006253719329834
2.3074474334716797
4.9498701095581055
4.831637859344482
1.2712713479995728
1.8532241582870483
3.0056278705596924
2.3074302673339844
4.949188232421875
4.832150936126709
1.271263837814331
1.8529316186904907
3.005012273788452
2.3074135780334473
4.948517322540283
4.832655429840088
1.271256446838379
1.8526439666748047
3.0044069290161133
2.3073971271514893
4.947857856750488
4.833151340484619
1.2712491750717163
1.8523610830307007
3.003811836242676
2.3073809146881104
4.947209358215332
4.833639144897461
1.2712420225143433
1.8520829677581787
3.0032265186309814
2.3073649406433105
4.9465718269348145
4.834118843078613
1.2712349891662598
1.8518095016479492
3.0026509761810303
2.30734920501709
4.945944786071777
4.834590435028076
1.2712280750274658
1.8515405654907227
3.002084970474243
2.3073337078094482
4.945328235626221
4.83505392074585
1.2712212800979614
1.851276159286499
3.00152850151062
2.3073184490203857
4.944721698760986
4.835509777069092
1.2712146043777466
1.8510161638259888
3.000981330871582
2.3073034286499023
4.944125175476074
4.835958003997803
1.2712080478668213
1.8507604598999023
3.00044322013855
2.307288646697998
4.943538665771484
4.836399078369141
1.2712016105651855
1.8505090475082397
2.9999141693115234
2.307274103164673
4.942962169647217
4.836832523345947
1.2711952924728394
1.8502618074417114
2.999393939971924
2.3072597980499268
4.942395210266113
4.837258815765381
1.2711890935897827
1.8500186204910278
2.998882293701172
2.3072457313537598
4.941837787628174
4.837677955627441
1.2711830139160156
1.849779486656189
2.9983792304992676
2.307231903076172
4.94128942489624
4.838089942932129
1.271177053451538
1.8495444059371948
2.997884511947632
2.307218313217163
4.9407501220703125
4.838495254516602
1.2711710929870605
1.8493132591247559
2.9973981380462646
2.3072049617767334
4.940219879150391
4.838893890380859
1.2711652517318726
1.8490859270095825
2.996919870376587
2.307191848754883
4.939698696136475
4.839285850524902
1.2711595296859741
1.8488624095916748
2.9964494705200195
2.3071789741516113
4.939186096191406
4.8396711349487305
1.2711539268493652
1.8486425876617432
2.9959869384765625
2.307166337966919
4.9386820793151855
4.840050220489502
1.271148443222046
1.8484264612197876
2.9955320358276367
2.3071539402008057
4.9381866455078125
4.840423107147217
1.2711429595947266
1.8482139110565186
2.995084762573242
2.3071417808532715
4.937699317932129
4.840789318084717
1.2711375951766968
1.848004937171936
2.9946448802948
2.3071298599243164
4.937220096588135
4.841149806976318
1.2711323499679565
1.8477994203567505
2.9942123889923096
2.3071181774139404
4.93674898147583
4.841504096984863
1.2711272239685059
1.847597360610962
2.9937870502471924
2.3071064949035645
4.936285495758057
4.84185266494751
1.2711220979690552
1.8473986387252808
2.9933688640594482
2.3070950508117676
4.9358296394348145
4.842195510864258
1.271117091178894
1.847203254699707
2.992957592010498
2.30708384513855
4.9353814125061035
4.842532634735107
1.2711122035980225
1.8470110893249512
2.992553234100342
2.307072877883911
4.934940814971924
4.842864036560059
1.2711073160171509
1.8468221426010132
2.9921555519104004
2.3070621490478516
4.934507369995117
4.843189716339111
1.2711025476455688
1.8466362953186035
2.991764545440674
2.307051420211792
4.934081077575684
4.843510150909424
1.2710978984832764
1.8464535474777222
2.991379976272583
2.3070409297943115
4.933661937713623
4.843825340270996
1.2710932493209839
1.8462738990783691
2.991001844406128
2.30703067779541
4.9332499504089355
4.844135284423828
1.271088719367981
1.8460972309112549
2.9906301498413086
2.307020425796509
4.932844638824463
4.84443998336792
1.2710843086242676
1.8459235429763794
2.990264654159546
2.3070104122161865
4.932446479797363
4.8447394371032715
1.2710798978805542
1.8457527160644531
2.9899051189422607
2.3070006370544434
4.9320549964904785
4.845034122467041
1.2710756063461304
1.845584750175476
2.989551544189453
2.3069911003112793
4.93166971206665
4.84532356262207
1.271071434020996
1.8454195261001587
2.989203929901123
2.3069815635681152
4.931291103363037
4.845608234405518
1.2710672616958618
1.845257043838501
2.9888620376586914
2.3069722652435303
4.9309186935424805
4.845888137817383
1.271063208580017
1.845097303390503
2.988525867462158
2.3069632053375244
4.9305524826049805
4.846163272857666
1.2710591554641724
1.844940185546875
2.9881954193115234
2.3069541454315186
4.930192470550537
4.846434116363525
1.2710552215576172
1.8447856903076172
2.987870454788208
2.306945323944092
4.929838180541992
4.846700191497803
1.271051287651062
1.8446338176727295
2.987550973892212
2.306936502456665
4.929490089416504
4.846961975097656
1.2710474729537964
1.8444844484329224
2.987236738204956
2.3069279193878174
4.929147720336914
4.847219467163086
1.2710437774658203
1.8443375825881958
2.9869277477264404
2.306919574737549
4.928811073303223
4.847472667694092
1.2710400819778442
1.8441932201385498
2.986624002456665
2.3069112300872803
4.92848014831543
4.847721576690674
1.2710365056991577
1.8440512418746948
2.986325263977051
2.306903123855591
4.928154468536377
4.847966194152832
1.2710329294204712
1.8439116477966309
2.9860315322875977
2.3068950176239014
4.927834510803223
4.848206996917725
1.2710294723510742
1.8437743186950684
2.9857425689697266
2.306887149810791
4.927519798278809
4.848443508148193
1.2710260152816772
1.8436392545700073
2.9854583740234375
2.3068795204162598
4.927210330963135
4.8486762046813965
1.2710226774215698
1.8435064554214478
2.9851789474487305
2.3068718910217285
4.926906108856201
4.848905086517334
1.2710193395614624
1.8433759212493896
2.9849042892456055
2.3068645000457764
4.92660665512085
4.849130153656006
1.271016001701355
1.8432475328445435
2.9846341609954834
2.306857109069824
4.926312446594238
4.849351406097412
1.271012783050537
1.8431212902069092
2.9843685626983643
2.306849956512451
4.926023006439209
4.849568843841553
1.2710095643997192
1.8429971933364868
2.984107255935669
2.306842803955078
4.925738334655762
4.849782943725586
1.271006464958191
1.8428751230239868
2.9838504791259766
2.306835889816284
4.9254584312438965
4.8499932289123535
1.2710033655166626
1.8427550792694092
2.983597993850708
2.3068289756774902
4.925183296203613
4.850200176239014
1.2710003852844238
1.842637062072754
2.983349561691284
2.3068222999572754
4.924912452697754
4.850403785705566
1.270997405052185
1.8425209522247314
2.983105421066284
2.3068156242370605
4.924646377563477
4.850604057312012
1.2709945440292358
1.8424068689346313
2.982865333557129
2.306809186935425
4.924384593963623
4.85080099105835
1.2709916830062866
1.842294692993164
2.9826292991638184
2.306802749633789
4.924127101898193
4.85099458694458
1.2709888219833374
1.84218430519104
2.9823970794677734
2.3067963123321533
4.9238739013671875
4.851184844970703
1.2709860801696777
1.8420758247375488
2.982168674468994
2.3067901134490967
4.9236249923706055
4.851371765136719
1.270983338356018
1.8419691324234009
2.9819440841674805
2.30678391456604
4.923380374908447
4.851555824279785
1.270980715751648
1.8418642282485962
2.9817233085632324
2.3067779541015625
4.923139572143555
4.851736545562744
1.2709780931472778
1.8417609930038452
2.981506109237671
2.306771993637085
4.922903060913086
4.851914405822754
1.2709754705429077
1.8416595458984375
2.981292724609375
2.3067662715911865
4.922670364379883
4.8520894050598145
1.2709729671478271
1.8415597677230835
2.9810826778411865
2.306760549545288
4.922441482543945
4.852261543273926
1.2709704637527466
1.8414616584777832
2.9808762073516846
2.3067548274993896
4.922216415405273
4.852430820465088
1.270967960357666
1.8413652181625366
2.980673313140869
2.3067493438720703
4.921995162963867
4.852597236633301
1.270965576171875
1.8412703275680542
2.980473756790161
2.306743860244751
4.921777725219727
4.8527607917785645
1.270963191986084
1.841176986694336
2.9802775382995605
2.3067386150360107
4.921563625335693
4.852921485900879
1.270960807800293
1.8410853147506714
2.9800844192504883
2.3067333698272705
4.921353340148926
4.853079795837402
1.2709585428237915
1.8409950733184814
2.9798946380615234
2.3067281246185303
4.921146392822266
4.853235244750977
1.27095627784729
1.8409063816070557
2.979707956314087
2.306723117828369
4.920942783355713
4.85338830947876
1.2709540128707886
1.8408191204071045
2.9795243740081787
2.306718111038208
4.920742988586426
4.853538513183594
1.2709518671035767
1.8407334089279175
2.979343891143799
2.306713104248047
4.920546531677246
4.853686332702637
1.2709497213363647
1.840649127960205
2.9791665077209473
2.306708335876465
4.920352935791016
4.853831768035889
1.2709475755691528
1.8405661582946777
2.978991985321045
2.306703567504883
4.920162677764893
4.85397481918335
1.2709455490112305
1.840484619140625
2.978820323944092
2.306698799133301
4.919975757598877
4.8541154861450195
1.270943522453308
1.8404043912887573
2.978651523590088
2.306694269180298
4.9197916984558105
4.854253768920898
1.2709414958953857
1.8403255939483643
2.978485584259033
2.306689739227295
4.919610977172852
4.854389667510986
1.2709394693374634
1.8402481079101562
2.9783225059509277
2.306685209274292
4.919433116912842
4.854523181915283
1.2709375619888306
1.8401718139648438
2.9781620502471924
2.306680917739868
4.919258117675781
4.854654788970947
1.2709356546401978
1.8400968313217163
2.978004217147827
2.3066766262054443
4.91908597946167
4.85478401184082
1.270933747291565
1.840023159980774
2.977849006652832
2.3066723346710205
4.918916702270508
4.8549113273620605
1.2709318399429321
1.839950680732727
2.977696418762207
2.306668281555176
4.918750286102295
4.85503625869751
1.2709300518035889
1.8398793935775757
2.977546453475952
2.306664228439331
4.918586730957031
4.855159282684326
1.2709282636642456
1.8398092985153198
2.9773988723754883
2.3066601753234863
4.918426036834717
4.855279922485352
1.2709264755249023
1.8397403955459595
2.9772539138793945
2.3066561222076416
4.918268203735352
4.855398654937744
1.270924687385559
1.839672565460205
2.977111339569092
2.306652307510376
4.918112754821777
4.855515480041504
1.2709230184555054
1.8396059274673462
2.97697114944458
2.3066484928131104
4.917959690093994
4.855630397796631
1.2709213495254517
1.8395403623580933
2.9768333435058594
2.3066446781158447
4.91780948638916
4.855743408203125
1.270919680595398
1.8394758701324463
2.9766976833343506
2.306640863418579
4.917661666870117
4.855854511260986
1.2709180116653442
1.8394124507904053
2.976564407348633
2.3066372871398926
4.917516231536865
4.855963706970215
1.27091646194458
1.8393501043319702
2.976433277130127
2.306633710861206
4.917373180389404
4.8560709953308105
1.270914912223816
1.8392888307571411
2.976304292678833
2.3066301345825195
4.917232513427734
4.856176853179932
1.2709133625030518
1.839228630065918
2.976177453994751
2.306626558303833
4.9170942306518555
4.85628080368042
1.2709118127822876
1.8391693830490112
2.976052761077881
2.3066232204437256
4.916958332061768
4.856382846832275
1.270910382270813
1.839111089706421
2.9759302139282227
2.306619882583618
4.916824817657471
4.856382846832275
1.270910382270813
1.839053750038147
2.9758095741271973
2.3066165447235107
4.916693210601807
4.856382846832275
1.270910382270813
1.8389973640441895
2.975691080093384
2.3066132068634033
4.916563987731934
4.856382846832275
1.270910382270813
1.8389419317245483
2.975574493408203
2.306610107421875
4.916437149047852
4.856382846832275
1.270910382270813
1.8388874530792236
2.9754598140716553
2.3066070079803467
4.916312217712402
4.856382846832275
1.270910382270813
1.8388339281082153
2.9753470420837402
2.3066039085388184
4.916189193725586
4.856382846832275
1.270910382270813
1.8387812376022339
2.975236177444458
2.30660080909729
4.9160685539245605
4.856382846832275
1.270910382270813
1.8387293815612793
2.9751272201538086
2.306597948074341
4.915949821472168
4.856382846832275
1.270910382270813
1.8386784791946411
2.975019931793213
2.3065950870513916
4.915832996368408
4.856382846832275
1.270910382270813
1.8386284112930298
2.97491455078125
2.3065922260284424
4.915718078613281
4.856382846832275
1.270910382270813
1.8385791778564453
2.974810838699341
2.306589365005493
4.915605068206787
4.856382846832275
1.270910382270813
1.8385307788848877
2.9747090339660645
2.306586503982544
4.915493965148926
4.856382846832275
1.270910382270813
1.8384830951690674
2.974608898162842
2.306583881378174
4.915384769439697
4.856382846832275
1.270910382270813
1.838436245918274
2.974510431289673
2.3065812587738037
4.915277481079102
4.856382846832275
1.270910382270813
1.8383902311325073
2.9744136333465576
2.3065786361694336
4.915172100067139
4.856382846832275
1.270910382270813
1.838344931602478
2.974318265914917
2.3065760135650635
4.91506814956665
4.856382846832275
1.270910382270813
1.838300347328186
2.97422456741333
2.3065733909606934
4.914966106414795
4.856382846832275
1.270910382270813
1.838256597518921
2.974132537841797
2.3065707683563232
4.914865493774414
